X_train first 5 rows:
[[ 0.11742108  0.15914538 -0.86166715 -1.20025098  1.37362813 -0.61690406
  -0.48688332 -0.36972105 -1.08075052 -0.43286423]
 [-1.80158965 -1.24111851 -1.43768417  0.01365646 -0.25076582  0.34580243
  -0.48688332 -0.96207247  0.92528293  0.07340972]
 [ 0.27231881  0.4822832   1.65797277  0.01365646 -1.06296279 -1.81315767
  -0.48688332  1.38752626 -1.08075052  0.07340972]
 [-0.4935644  -0.27170505 -1.21375203  0.01365646 -0.25076582  3.21803794
  -0.48688332 -0.87647215  0.92528293  0.57968368]
 [ 2.07945896  2.20568491 -1.57835756  1.2275639  -1.06296279  0.17660366
   2.15383976 -0.59181766 -1.08075052  1.59223159]]
X_test first 5 rows:
[[ 0.11742108  0.15914538 -0.86166715 -1.20025098  1.37362813 -0.61690406
  -0.48688332 -0.36972105 -1.08075052 -0.43286423]
 [-0.70870013 -1.0256933  -1.57513842  0.01365646  1.37362813 -1.33330751
  -0.48688332 -0.71524531  0.92528293  1.59223159]
 [ 1.60616035  1.66712187  1.05752744 -1.20025098  1.37362813  0.20239987
  -0.48688332 -0.64839687 -1.08075052  0.57968368]
 [-0.86359786 -1.34883112 -0.13607862  1.2275639  -1.06296279  0.44009063
   1.27359874  1.44617338  0.92528293  1.08595763]
 [-1.78437879 -0.59484287 -0.4908448  -1.20025098 -1.06296279  0.11168658
  -0.48688332  1.61145164  0.92528293 -0.93913819]]
Scaled Data Info:
(800, 52)
(200, 52)
**************************************************